1 99.89247284552096
2 98.16110533973782
3 53.190112322917635
4 41.88416595891444
5 29.19848473508501
6 20.905995799009794
7 18.884000922734586
8 16.72135153222328
9 15.34298677037328
10 14.572630504070816
11 13.68595939179982
12 12.602513004297649
13 11.39944359469309
14 9.804150511373141
15 9.125914876629807
16 8.696968032146472
17 8.321241348157791
18 8.123514716530998
19 7.783658046131244
20 7.367868399960031
21 7.116006436396958
22 6.8884549816434415
23 6.68312434605059
24 6.495886703928463
25 6.331153096478971
26 6.2321523304562945
27 6.07895891335896
28 5.936581075864233
29 5.803776635918695
30 5.68365450073199
31 5.566767163580309
32 5.456880922302496
33 5.353340013488669
34 5.2555726765128625
35 5.16308354967849
36 5.0754421009406485
37 4.992268282552573
38 4.913219170328745
39 4.8212816114927435
40 4.664517816135067
41 4.448179882565405
42 4.189953017557151
43 3.890901153719838
44 3.769949818377235
45 3.6025054301012602
46 3.3934623786546965
47 3.1844227894735084
48 3.021499134920525
49 2.8457459553817515
50 2.6656815362760256
51 2.517373081983415
52 2.3590487745890343
53 2.2515971665010497
54 2.1832160049979095
55 2.0864286774285503
56 2.001742366976039
57 1.918166603940577
58 1.841619441735478
59 1.7716789350603293
60 1.6839571053151836
61 1.5884468601086965
62 1.4892940560757708
63 1.3904722229657978
64 1.3165584591881192
65 1.20943475948134
66 1.102378134949138
67 1.0397414430294099
68 0.9374235455352569
69 0.8715467017998897
70 0.8445224649146432
71 0.8148354265938558
72 0.7753921012453873
73 0.7249557060769902
74 0.665222823425534
75 0.6036583726262492
76 0.5515916944057544
77 0.5121182601549208
78 0.47136042081600493
79 0.4306541748648236
80 0.42464970691999326
81 0.38358339008393116
82 0.3423891981878384
83 0.30288161437133354
84 0.26852176178871545
85 0.25390365960897654
86 0.23652104218874115
87 0.21698687412024853
88 0.1969162136276843
89 0.18507023169778236
90 0.1723381146418994
91 0.15833334193113657
92 0.14356212576992888
93 0.12851716531917035
94 0.11459331439502307
95 0.10143361276533369
96 0.0916789295632654
97 0.08451136254804936
98 0.07715166590255507
99 0.06970351742655723
100 0.062312132430786704
101 0.0551308882842072
102 0.04829721727588421
103 0.04357037238238348
104 0.04265697780512312
105 0.03809980045950212
106 0.033604662666089524
107 0.029290990779475834
108 0.025247255772118393
109 0.021532778132520747
110 0.01834361778855964
111 0.015526371061962863
112 0.013015984643889311
113 0.010813087007040423
114 0.008906935006862682